0.9999999826306709	0.9999999853967845	0.9999999923341719	0.9999999891459181	0.9999999816089291	0.9999999590873965	0.9999999262660052	0.9999998970831845	0.9999998510270788	0.9999998462566346	0.999999801033123	0.9999998431185261	0.9999997972269504	0.9999998867235875	0.9999998309311771	0.9999999469531741	0.9999998846254278	0.999999987325992	0.9999999433112546	0.9999999887231193	0.9999999883159639	0.9999999671772917	0.9999999915195673	0.9999999606371879	0.9999999342411516	0.9999999827800888	0.9999998456192486	0.9999999962228802	0.9999997990636168	0.9999999550892863	0.9999998404564084	0.9999998768419138	0.9999999211551741	0.9999998257321226	0.9999999406614329	0.9999998340579621	0.9999998865534767	0.9999998755569647	0.9999998443976197	0.9999998899597095	0.9999998597998627	0.9999998663374158	0.9999999103192473	0.9999998721788336	0.9999999595053572	0.9999999308509959	0.9999999794064417	0.9999999790374069	0.9999999782096574	0.9999999833504811
0.9999999881594767	0.999999993129686	0.9999999960808262	0.9999999994664795	0.9999999943833441	0.9999999770325028	0.9999999655070333	0.9999999205452116	0.999999926040782	0.9999998533411584	0.999999907177918	0.9999997972534862	0.9999999239235676	0.9999997591928939	0.9999999651520175	0.9999997451665795	0.9999999965270412	0.9999997700733477	0.999999976935519	0.9999998351056462	0.9999999017684312	0.9999998883054718	0.9999998336098778	0.9999998337228422	0.9999998422689427	0.9999996321364325	0.9999998859958794	0.9999993919206368	0.9999998035918084	0.9999992777942092	0.9999994996565871	0.9999992980997162	0.9999991048770142	0.9999992643566838	0.9999988511551471	0.9999990481985774	0.9999988204564157	0.9999987994174732	0.9999988972305807	0.9999987647684091	0.9999989679384431	0.9999989944056344	0.9999990932610949	0.999999343393696	0.9999993718835741	0.9999996537135071	0.9999997196891424	0.9999998660394117	0.999999947061688	0.9999999782096574
0.9999999594329462	0.999999970924953	0.9999999625055422	0.9999999905651076	0.9999999654108287	0.999999999251592	0.9999999522593314	0.999999988361642	0.9999999196881886	0.9999999640572034	0.9999998675596177	0.9999999394454704	0.9999997899115489	0.9999999301122215	0.9999996855966765	0.9999999406165194	0.9999995818093712	0.9999999400641424	0.9999995332238321	0.99999987150207	0.9999995601994232	0.9999997252982668	0.9999995728500499	0.9999995828867639	0.9999994100515014	0.9999995053243405	0.9999990239659089	0.9999993708062779	0.9999985798056901	0.9999989404475761	0.9999982571893894	0.9999981736869942	0.9999979881468484	0.9999973756435268	0.9999975563098517	0.9999969110380188	0.9999969897591438	0.9999968604509191	0.9999966590778034	0.9999970662653875	0.9999968868891653	0.9999974439337362	0.9999976222066295	0.9999980613439802	0.9999985451094847	0.9999988789242834	0.9999993505989789	0.9999996180405264	0.9999998660394117	0.9999999790374069
0.9999998263009775	0.9999998038629173	0.9999998797631433	0.9999998119840702	0.9999999437469638	0.9999998347543144	0.9999999899915697	0.9999998561712033	0.9999999958379598	0.9999998626914925	0.9999999528306925	0.9999998310936448	0.9999998795772203	0.999999721263654	0.9999998237793922	0.9999995076521515	0.9999998211165075	0.9999992434538368	0.999999824588463	0.9999990595330845	0.9999997106367664	0.9999990264634956	0.9999994219264747	0.9999990037503742	0.9999990545205583	0.9999987154836084	0.99999868541417	0.9999980550141586	0.9999981507395217	0.9999972185031076	0.9999971828290485	0.9999964230472987	0.9999958386338667	0.9999956238438761	0.9999946125609308	0.9999947118632861	0.9999940058117476	0.9999939247255516	0.9999941251348746	0.9999937950153951	0.9999947912182071	0.9999946350556904	0.9999958626499286	0.9999962205530804	0.9999972485539923	0.9999979778593195	0.9999986838279018	0.9999993505989789	0.9999997196891424	0.9999999794064417
0.9999992451025037	0.9999993513625329	0.9999992587337431	0.9999995533803586	0.9999993520104296	0.9999997748467828	0.9999994645148108	0.9999999355914321	0.9999995666479623	0.9999999851696297	0.9999996524925717	0.9999999139737521	0.9999996745601902	0.9999997708118221	0.9999995197304488	0.9999996674456166	0.9999991215587168	0.9999996823785101	0.9999986132276454	0.9999996993531682	0.9999982786306367	0.9999994479463248	0.9999982436044681	0.9999988164605066	0.9999982185713183	0.9999979939730789	0.9999977004797826	0.999997143073013	0.9999965175962914	0.99999605735768	0.9999950043579928	0.9999944186952084	0.9999935471188804	0.9999924170323843	0.9999922033521856	0.9999908246408885	0.9999909746283138	0.9999903405107593	0.9999902641693363	0.999991061067896	0.9999907214036963	0.9999926426184583	0.9999925849270876	0.9999947144526316	0.9999953305521558	0.9999969468507532	0.9999979778593195	0.9999988789242834	0.9999996537135071	0.9999999308509959
0.9999972026164581	0.9999971659632623	0.9999976708529048	0.9999974954101615	0.9999984005039613	0.9999979579304479	0.9999991269188587	0.999998373652639	0.9999996637898759	0.9999987367148213	0.9999999314863878	0.999999082087198	0.9999999115454296	0.9999992801171604	0.9999997002139019	0.9999990798946781	0.9999995424656256	0.9999984201339951	0.9999995776296365	0.9999976397105254	0.9999995267647385	0.9999972383934429	0.9999989120750349	0.9999972974167307	0.999997663469395	0.9999971924126366	0.9999962030013151	0.9999961444704116	0.9999947810655676	0.9999940937713331	0.9999930361673022	0.9999917371285127	0.9999905831162587	0.9999896974822252	0.9999879104135099	0.9999880501930092	0.9999862330208311	0.9999868237997254	0.9999864042160137	0.9999865850631482	0.9999882815248817	0.9999880879867403	0.9999911371486221	0.999991351707999	0.9999942998219848	0.9999953305521558	0.9999972485539923	0.9999985451094847	0.9999993718835741	0.9999999595053572
0.9999899158796971	0.999990533660956	0.9999906692739964	0.9999923640811518	0.999992228658551	0.9999946886008526	0.9999938477403877	0.9999968460711826	0.999995238959131	0.999998539956493	0.9999965435039696	0.9999996120204504	0.9999977591519885	0.9999999298445611	0.9999984834251409	0.999999697817012	0.999998311493023	0.9999994724669606	0.9999973736613768	0.9999994756124422	0.9999963911101811	0.999999156383361	0.9999960588781415	0.9999978682858472	0.9999961993317423	0.9999957859417137	0.9999957063634954	0.999993648860368	0.999993695611991	0.999991631085651	0.9999905621266041	0.9999890696643007	0.9999875128366316	0.9999856747291056	0.9999852565385425	0.999982541811255	0.9999836899452478	0.9999813745771831	0.9999828574732799	0.9999828833971584	0.9999835610540643	0.999986360402867	0.9999865542455395	0.9999905999481878	0.9999913517079991	0.9999947144526317	0.9999962205530804	0.9999980613439802	0.999999343393696	0.9999998721788336
0.9999680065876956	0.9999686081222103	0.9999714007639136	0.9999725488728689	0.9999773908248528	0.9999777391879872	0.9999839561767117	0.9999826552612094	0.9999899887150242	0.999987201858761	0.9999950618180036	0.9999915887628165	0.9999985106698919	0.9999952360300612	0.999999842564596	0.9999972083258739	0.9999997134401035	0.999997233765459	0.999999404842353	0.9999960640336427	0.9999992524999894	0.9999949943719272	0.9999983741830922	0.9999947828900764	0.9999961387035725	0.9999947556396285	0.9999931803203338	0.9999933795224046	0.9999904510662032	0.9999900678688276	0.9999877627159682	0.9999859851820236	0.9999841791196172	0.9999827358067054	0.9999799077969799	0.9999807782900668	0.9999768872138837	0.9999797060902428	0.9999770357076214	0.9999797110976967	0.9999804537080246	0.9999818410734064	0.9999856771071184	0.9999865542455396	0.9999911371486222	0.9999925849270878	0.9999958626499287	0.9999976222066296	0.9999990932610949	0.9999999103192473
0.9999044031336239	0.9999078577311478	0.99991155911243	0.9999207157520013	0.9999252600253504	0.999937972848857	0.9999404157458822	0.9999557145382563	0.9999551242571768	0.9999725398461917	0.9999694886324296	0.9999868317947211	0.9999823381540743	0.9999960457179239	0.9999913966189519	0.9999995211161464	0.9999956213562888	0.9999996524161803	0.9999959867399779	0.99999922786611	0.9999946082936372	0.999998730705404	0.9999935017825269	0.9999969967640926	0.9999932631252861	0.9999937003960413	0.9999925945365153	0.9999900140901501	0.9999898547276732	0.9999867834777528	0.9999852349638089	0.9999832571338532	0.9999807418295447	0.999978566311188	0.9999779810446601	0.9999738639976772	0.9999768272941721	0.9999718275586407	0.999976652714247	0.9999740305119175	0.9999779593849109	0.99997958813147	0.9999818410734065	0.9999863604028673	0.9999880879867405	0.9999926426184584	0.9999946350556905	0.9999974439337364	0.9999989944056346	0.9999998663374158
0.9997276769739423	0.9997338088488874	0.9997496723211763	0.999764112425453	0.9997906727506769	0.9998058298421408	0.9998387899673807	0.9998501436749395	0.9998882128877177	0.9998947875368406	0.9999349120894087	0.9999362987188483	0.9999714238354406	0.9999681799093115	0.9999920378862293	0.9999868106055596	0.9999989290781814	0.999994105687678	0.999999401998898	0.9999947163887375	0.9999988044187417	0.9999930432519667	0.9999977426879	0.9999918152916583	0.9999949509510718	0.9999911946073474	0.9999906979607076	0.9999893359838262	0.9999865368442447	0.9999850003339584	0.999982815820643	0.9999795049920099	0.9999783119172985	0.9999754257374802	0.9999727655736358	0.9999738319601525	0.9999684593557938	0.9999738863265325	0.9999683095345357	0.9999749896247858	0.9999729563689923	0.9999779593849111	0.9999804537080249	0.9999835610540647	0.9999882815248821	0.9999907214036965	0.9999947912182073	0.9999968868891654	0.9999989679384431	0.9999998597998628
0.9992281646019887	0.9992491852143633	0.999281512795064	0.9993367542399734	0.9993859788779748	0.9994617272847973	0.9995129836087528	0.9996019120764682	0.9996480703373015	0.999743640878278	0.9997784067343534	0.9998660530127328	0.9998836710397717	0.9999480635519454	0.9999505396070251	0.9999869966035961	0.9999826778824098	0.9999980843625637	0.9999930341716291	0.9999988481534006	0.9999934477295022	0.9999980104886874	0.9999912944346535	0.9999961772106207	0.9999897394585263	0.9999922922298012	0.9999882636792891	0.9999873806875494	0.9999847859441471	0.9999830019695334	0.9999790279738642	0.9999787611092812	0.9999734782355232	0.9999733655085173	0.9999706992550009	0.9999676210091573	0.9999707755643817	0.9999646980477167	0.9999723160629144	0.9999670486696152	0.9999749896247861	0.999974030511918	0.9999797110976973	0.999982883397159	0.9999865850631487	0.9999910610678965	0.9999937950153954	0.9999970662653876	0.9999987647684092	0.9999998899597096
0.9977957674352915	0.9978454457516113	0.9979511053732034	0.9980791964608869	0.9982593759158153	0.9984266066637557	0.9986519556776852	0.9988296368456521	0.9990773626429147	0.9992381886430614	0.9994705641513675	0.9995833113806777	0.9997593826986505	0.9998136891182485	0.9999191426999726	0.9999331431036861	0.999981917617836	0.9999803149040932	0.9999969692498271	0.9999925335675536	0.9999979027138781	0.9999920792129031	0.9999967454195791	0.9999892637625432	0.9999939824590293	0.999987110593047	0.9999891745415977	0.9999843073672771	0.9999840318692789	0.9999790696929348	0.9999796564475925	0.9999725113488881	0.9999749477499491	0.9999679326959572	0.9999690788029192	0.9999671654163449	0.9999640580172352	0.999969156993532	0.999963348913075	0.9999723160629148	0.9999683095345365	0.9999766527142477	0.9999770357076224	0.9999828574732808	0.9999864042160145	0.9999902641693369	0.9999941251348751	0.9999966590778037	0.9999988972305808	0.9999998443976197
0.9935897047935643	0.99374220727205	0.9940170362213452	0.994431229178863	0.9949023065328703	0.9954955244668946	0.9960737516257907	0.9967658517636301	0.9973543823067329	0.9980283698415681	0.9985014152769076	0.9990234226697378	0.9993038079656424	0.9996210548222505	0.9997375633898775	0.9998902869147535	0.9999209316124615	0.9999777523977748	0.9999805115273525	0.9999955148140757	0.9999924288339367	0.9999965069855454	0.9999905111167551	0.9999949010493855	0.9999869532078427	0.9999911548936533	0.999983897390497	0.9999858171695677	0.9999794135076803	0.999980928185025	0.9999726849274846	0.9999767523100783	0.9999663129196841	0.9999717992654749	0.9999636703065026	0.9999661547125135	0.9999652770562163	0.9999627829826118	0.9999691569935325	0.9999646980477176	0.9999738863265335	0.999971827558642	0.999979706090244	0.9999813745771842	0.9999868237997263	0.9999903405107601	0.999993924725552	0.9999968604509193	0.9999987994174732	0.9999998755569647
0.9811254281523697	0.9815424200635336	0.9823768804722453	0.9835339562509879	0.9850480779651554	0.9867421986844918	0.9887155884250047	0.9906629300928762	0.9927370118115811	0.9944926539039389	0.9961838322113378	0.9973568334014178	0.9984031903507271	0.9989712591962245	0.9994752618217088	0.9996744177785434	0.9998684683870248	0.9999180029445323	0.999974963208438	0.999983142706808	0.9999936428512403	0.9999923965711148	0.9999945795153149	0.9999887975738325	0.999992337897792	0.9999845071622706	0.9999877558643427	0.9999802194913491	0.9999824817452992	0.9999739600347178	0.9999783089750619	0.9999664694387175	0.9999745201657451	0.9999614204845043	0.9999697227612332	0.9999613518476403	0.999965116318003	0.9999652770562169	0.9999640580172363	0.9999707755643831	0.9999684593557955	0.9999768272941737	0.9999768872138853	0.9999836899452492	0.9999862330208323	0.9999909746283147	0.9999940058117481	0.999996989759144	0.9999988204564159	0.9999998865534767
0.9443301203598765	0.9455278307391517	0.9478564667009483	0.9513182001010331	0.9557168327324255	0.9610716117868283	0.9669547465145881	0.9733134891371397	0.9793698512767005	0.9850955852664428	0.9896602117703956	0.993420241178095	0.9958724317826769	0.9977021503229886	0.9986620407588788	0.9993599263848132	0.999644399594682	0.9998589668181223	0.9999256058418341	0.9999733926705254	0.9999872296936851	0.9999912684944526	0.9999922120873993	0.9999919541925072	0.9999871783634072	0.9999889291020722	0.9999821295748871	0.9999839530652878	0.9999763219689621	0.9999794459486346	0.9999686120021909	0.9999763456608812	0.9999614636101835	0.9999731246351511	0.9999587130298871	0.9999689981005075	0.999961351847641	0.9999661547125147	0.9999671654163464	0.9999676210091593	0.9999738319601545	0.9999738639976794	0.9999807782900687	0.9999825418112568	0.9999880501930105	0.9999908246408896	0.9999947118632867	0.9999969110380191	0.9999990481985775	0.9999998340579621
0.8394399341746731	0.842560458900044	0.8488619414817583	0.8583088518888504	0.8709751439874632	0.8864576084225917	0.9043609400700864	0.9232723922451711	0.9420833847342146	0.9587558424773505	0.9727032723758631	0.9828393320361613	0.9900505338546031	0.9943602877516904	0.9971089033568358	0.9984756995320823	0.9993108385676694	0.9996587191641348	0.999862857198691	0.9999413231609797	0.9999724085793655	0.9999914286255389	0.9999882518564677	0.9999919074388148	0.9999884004230959	0.9999859328905961	0.999984680864449	0.999979962747229	0.9999800611911378	0.9999725809321671	0.9999769840157733	0.999964252384047	0.9999751365774378	0.9999586546102311	0.9999726513122595	0.9999587130298879	0.9999697227612344	0.9999636703065043	0.9999690788029214	0.9999706992550034	0.9999727655736385	0.9999779810446625	0.9999799077969822	0.9999852565385445	0.9999879104135114	0.9999922033521867	0.9999946125609316	0.9999975563098521	0.9999988511551472	0.999999940661433
0.5707385416248391	0.5775712082151626	0.591682778429028	0.6139248371400035	0.6449991587908356	0.6852219601426358	0.7332664573483911	0.7863958914860069	0.8395884822436012	0.8881075393296988	0.9273639504841089	0.9563922429774037	0.975294349499531	0.9869887081185221	0.993325823521293	0.9968344331159044	0.9984844875069865	0.9993421798929416	0.9997127806442738	0.9998765968998633	0.9999601150130002	0.9999712097162776	0.9999946957159349	0.9999843875060527	0.9999917040372777	0.9999837811898512	0.9999851706837453	0.999979889832457	0.9999780760978894	0.99997656663838	0.9999695315116709	0.9999753596067709	0.9999617797025714	0.9999747288000083	0.9999586546102318	0.9999731246351522	0.9999614204845063	0.9999717992654771	0.9999679326959598	0.9999733655085202	0.9999754257374831	0.9999785663111909	0.9999827358067079	0.9999856747291077	0.9999896974822269	0.9999924170323855	0.9999956238438769	0.9999973756435272	0.999999264356684	0.9999998257321226
0.054437879091307095	0.0637303186705163	0.08392991978687406	0.11805809256819805	0.17016268084098282	0.243981369500759	0.3411980737420031	0.45840887678573095	0.5860764832392281	0.7090757153884732	0.8133295486768304	0.890160104395524	0.9404901001414036	0.9696448654860979	0.9854390630994814	0.993205573756842	0.9969860297071473	0.9986867605586223	0.9994378610449071	0.9997879809322778	0.9998941112254439	0.9999768109394905	0.9999691617208681	0.9999967027540666	0.9999795261010794	0.9999917735774569	0.9999783209432321	0.999984771538743	0.9999752564172641	0.9999765872297418	0.9999740860085243	0.9999677883603293	0.9999747889007101	0.999961779702572	0.9999751365774389	0.9999614636101855	0.9999745201657472	0.9999663129196871	0.9999749477499522	0.9999734782355265	0.9999783119173016	0.9999807418295477	0.9999841791196199	0.9999875128366339	0.9999905831162604	0.9999935471188817	0.9999958386338674	0.9999979881468488	0.9999991048770143	0.9999999211551741
-0.4971913375564652	-0.4915642432510669	-0.47853239427523026	-0.4543440046304541	-0.4130024955238508	-0.3459300492609321	-0.2425352560906737	-0.09290189647813608	0.10448176950768814	0.33297953344833076	0.5563298206223248	0.7377145482269213	0.8603583024497241	0.9317367247722532	0.9685098879327453	0.986116641294334	0.9940589350540336	0.9974912321341949	0.9990051464789104	0.9995616720364412	0.9998617689929655	0.9999099942464255	0.9999884616839603	0.9999660139514222	0.9999977280773711	0.9999738459504675	0.9999920681163343	0.9999728329201895	0.999984546123459	0.9999718080378224	0.9999757327499412	0.9999731813601352	0.99996778836033	0.9999753596067719	0.999964252384049	0.9999763456608832	0.9999664694387206	0.9999767523100813	0.9999725113488915	0.9999787611092845	0.9999795049920134	0.9999832571338563	0.9999859851820263	0.999989069664303	0.9999917371285145	0.9999944186952098	0.9999964230472995	0.9999981736869946	0.9999992980997164	0.9999998768419138
-0.8097926627937304	-0.8079146443080255	-0.8032103755310701	-0.7936242635840062	-0.7755738986120972	-0.743155002196684	-0.6866829933260714	-0.5908160444485406	-0.4339747899853326	-0.19630016177586762	0.11453846444882235	0.4376536672647427	0.6939546259878162	0.8526764264034634	0.9346665276499307	0.972471411251586	0.9886731593367852	0.995513400171673	0.9981484527989485	0.9993343434946682	0.9996782470379599	0.9999187233250477	0.9999215522345913	0.9999949638961124	0.9999619736226206	0.9999982155036644	0.9999681327646857	0.999992389587022	0.9999686445698398	0.9999844197493196	0.9999705221688054	0.9999757327499418	0.9999740860085252	0.9999695315116727	0.9999769840157751	0.9999686120021938	0.9999783089750647	0.9999726849274881	0.9999796564475958	0.9999790279738677	0.9999828158206464	0.999985234963812	0.999987762715971	0.9999905621266064	0.999993036167304	0.999995004357994	0.9999971828290493	0.9999982571893898	0.9999994996565872	0.9999998404564084
-0.935202424056729	-0.9347913859193085	-0.9335865883852332	-0.930744492335187	-0.9247543017986433	-0.9129589749542985	-0.8905243052078619	-0.8483067712683995	-0.7689766088732298	-0.6221908264749063	-0.36824603406386214	0.0025381917111217205	0.4035127238313288	0.704525869723056	0.8712701262774091	0.9475729484012719	0.9795355850338087	0.9919753395748403	0.997032220727474	0.9987571112262513	0.9995979686156008	0.9997681561439136	0.9999549251380178	0.9999286466827714	0.9999979030716726	0.999957737773864	0.9999984529205783	0.9999637523896588	0.9999925772927993	0.9999670640009569	0.9999844197493201	0.999971808037823	0.9999765872297434	0.9999765666383815	0.9999725809321698	0.9999794459486372	0.9999739600347213	0.9999809281850284	0.9999790696929385	0.9999830019695369	0.9999850003339618	0.9999867834777559	0.9999900678688303	0.9999916310856533	0.9999940937713347	0.9999960573576813	0.9999972185031084	0.9999989404475764	0.9999992777942094	0.9999999550892863
-0.9788986743116718	-0.9788835494324019	-0.9787138188373495	-0.978079240277811	-0.9764120114825783	-0.9726725474280209	-0.9648448574275931	-0.9487455107186884	-0.9153021929359627	-0.8447691335346895	-0.6975540138320999	-0.41473919856897407	0.019400971935467626	0.46741304891195684	0.7630245009077203	0.9057291403940254	0.9640531900749468	0.9867925044397249	0.9949308650093214	0.998236353051389	0.999210914079668	0.9997719660794906	0.9998286143595536	0.9999745590913177	0.9999323572452016	0.9999989971849971	0.9999544220060371	0.9999985536710638	0.999962093747889	0.9999925772927996	0.9999686445698405	0.9999845461234601	0.9999752564172656	0.9999780760978916	0.99998006119114	0.9999763219689654	0.9999824817453022	0.9999794135076838	0.9999840318692823	0.9999847859441504	0.999986536844248	0.999989854727676	0.9999904510662059	0.999993695611993	0.9999947810655693	0.9999965175962925	0.9999981507395224	0.9999985798056904	0.9999998035918085	0.9999997990636169
-0.993217576386273	-0.9932736129740076	-0.9933376861196465	-0.9933017920579381	-0.9929622022650059	-0.9919302956280294	-0.9894038739100038	-0.9835896907562615	-0.9702170254932232	-0.9388165000328539	-0.8641115471234474	-0.6918238261764147	-0.3445609603162831	0.16027819575724914	0.6000392800580772	0.8394039166415861	0.9405228526830054	0.9782346870343249	0.9923488310936246	0.9970272641234691	0.9990181192010669	0.9995006412499285	0.999870419965118	0.9998652440371169	0.9999838869917832	0.9999339349216884	0.999999322883156	0.9999531541026161	0.9999985536710639	0.9999637523896595	0.9999923895870227	0.9999728329201908	0.9999847715387447	0.999979889832459	0.9999799627472317	0.9999839530652903	0.9999802194913524	0.9999858171695708	0.9999843073672803	0.9999873806875527	0.9999893359838291	0.999990014090153	0.9999933795224067	0.99999364886037	0.9999961444704131	0.999997143073014	0.9999980550141593	0.9999993708062781	0.999999391920637	0.9999999962228802
-0.9977569767962909	-0.9978070907735801	-0.9978918312491286	-0.9979751322040304	-0.9979860460286779	-0.9977801202868735	-0.9970368272393623	-0.994976789658683	-0.9895814020340644	-0.9754310671520853	-0.9379643255714208	-0.8400524678473419	-0.6039509098670638	-0.15215677344695386	0.3856269490894024	0.7436552677896842	0.9045372386879679	0.9662305930200513	0.9877940098265094	0.9958176460313484	0.9982856128481	0.999452540378394	0.9996648652420749	0.9999191309851372	0.999884486750303	0.9999874909945822	0.999934337605604	0.9999993228831559	0.9999544220060379	0.9999984529205785	0.999968132764687	0.9999920681163355	0.9999783209432339	0.9999851706837474	0.9999846808644512	0.99998212957489	0.9999877558643454	0.9999838973905	0.9999891745416007	0.9999882636792918	0.9999906979607105	0.9999925945365175	0.9999931803203361	0.9999957063634969	0.9999962030013164	0.9999977004797834	0.9999986854141706	0.9999990239659092	0.9999998859958795	0.9999998456192487
-0.9991799084631904	-0.9992134700527288	-0.9992760010143309	-0.9993561101239636	-0.9994291996631162	-0.999440247514539	-0.9992543096203403	-0.9985112487407252	-0.9961948246716361	-0.9893657335976119	-0.9695189029639921	-0.912886435495057	-0.7600948970522056	-0.4089793037478385	0.14246244503108627	0.6133276065454982	0.8531484479304486	0.9472876432685072	0.9816716220102947	0.9932321711001281	0.9976779363993725	0.9989505867527535	0.9996634145906329	0.9997456404499412	0.9999384713462371	0.9998904529100615	0.999987490994582	0.9999339349216892	0.9999989971849969	0.9999577377738654	0.9999982155036646	0.9999738459504692	0.9999917735774582	0.9999837811898532	0.9999859328905983	0.9999889291020744	0.9999845071622734	0.9999911548936559	0.9999871105930497	0.9999922922298038	0.9999911946073495	0.9999937003960435	0.99999475563963	0.9999957859417153	0.9999971924126375	0.9999979939730796	0.9999987154836089	0.9999995053243407	0.9999996321364326	0.9999999827800888
-0.9996421183717873	-0.9996628270778061	-0.9997030546844471	-0.9997592828777457	-0.9998225235788158	-0.9998696556295453	-0.9998372781702194	-0.9995397663194875	-0.998413330487705	-0.9947304538867306	-0.9832535803009768	-0.9485742621144861	-0.848781365883334	-0.592820075561416	-0.09949889050034845	0.4478002556186737	0.7783245466649509	0.9192314930682103	0.9708851058726875	0.9897055944187834	0.995964831806653	0.998556284159475	0.9992562116468604	0.999745672899302	0.9997696706177808	0.9999384713462368	0.9998844867503038	0.9999838869917824	0.9999323572452032	0.9999979030716719	0.9999619736226228	0.9999977280773712	0.9999795261010817	0.9999917040372789	0.999988400423098	0.9999871783634094	0.999992337897794	0.9999869532078451	0.9999939824590314	0.9999897394585284	0.9999949509510739	0.9999932631252878	0.9999961387035742	0.9999961993317433	0.9999976634693961	0.9999982185713189	0.9999990545205586	0.9999994100515016	0.9999998422689428	0.9999999342411516
-0.999811830450875	-0.9998246927088293	-0.9998500699280792	-0.9998866056684798	-0.9999301538573664	-0.9999688325338504	-0.9999674601108584	-0.999816631037933	-0.9991685251828272	-0.996921887882002	-0.9896580313001488	-0.9671006293058807	-0.9001570884368802	-0.7181650243707568	-0.31643019883748763	0.24737828808102502	0.6713570373365203	0.8737519710908224	0.95356967042158	0.9824774719020313	0.993439463489516	0.9971699207531036	0.998892903617578	0.9993432122914807	0.9997456728993018	0.999745640449942	0.9999191309851362	0.9998652440371188	0.999974559091316	0.9999286466827743	0.9999949638961111	0.9999660139514251	0.9999967027540664	0.9999843875060552	0.9999919074388159	0.9999919541925091	0.9999887975738345	0.9999949010493872	0.9999892637625453	0.9999961772106224	0.9999918152916598	0.999996996764094	0.9999947828900775	0.9999978682858484	0.9999972974167314	0.9999988164605071	0.9999990037503745	0.999999582886764	0.9999998337228422	0.9999999606371879
-0.999887421708663	-0.9998961083356188	-0.9999131171935878	-0.9999373371612449	-0.9999658256392628	-0.9999906811516647	-0.9999888830080844	-0.9998882331004803	-0.9994560154801287	-0.9979488370327569	-0.9930490526026325	-0.9777702895718873	-0.9321078668931779	-0.8047290178379869	-0.499511657828333	0.01936227276518382	0.5174190279113902	0.8003142178254128	0.9218127904415666	0.9696172758938241	0.9875340456931886	0.9948661708028161	0.9975047070529844	0.998892903617578	0.999256211646861	0.9996634145906319	0.999664865242077	0.9998704199651156	0.9998286143595574	0.9999549251380146	0.9999215522345958	0.9999884616839578	0.9999691617208719	0.9999946957159341	0.9999882518564702	0.9999922120874001	0.9999945795153166	0.9999905111167566	0.9999967454195804	0.9999912944346552	0.9999977426879011	0.9999935017825281	0.9999983741830932	0.9999960588781421	0.9999989120750356	0.9999982436044684	0.999999421926475	0.99999957285005	0.9999998336098778	0.9999999915195673
-0.9999262930170926	-0.9999330100434601	-0.9999457585018954	-0.999963005879039	-0.999981789958348	-0.9999957248879803	-0.9999880974798527	-0.9999083560016964	-0.9995952739028794	-0.9985363972631434	-0.9951474772782833	-0.9846961926602472	-0.9536886854813516	-0.8667486757993593	-0.6486327737522336	-0.22137405998751158	0.30407425861463894	0.6781960839196304	0.8642637123128954	0.9431819501255508	0.975820226108817	0.9889352538055994	0.9948661708028165	0.9971699207531035	0.9985562841594744	0.9989505867527554	0.9994525403783912	0.9995006412499332	0.9997719660794855	0.9997681561439201	0.9999187233250423	0.9999099942464317	0.9999768109394869	0.9999712097162821	0.9999914286255375	0.9999912684944553	0.9999923965711153	0.9999965069855469	0.9999920792129043	0.9999980104886883	0.999993043251968	0.9999987307054046	0.9999949943719281	0.9999991563833615	0.9999972383934433	0.9999994479463251	0.9999990264634958	0.9999997252982669	0.9999998883054718	0.9999999671772917
-0.9999455550276329	-0.9999513838755801	-0.9999618937624657	-0.9999748640998781	-0.999986878243855	-0.9999922132759074	-0.9999782838459855	-0.9999095952746315	-0.999675310111517	-0.9989277104042377	-0.9966049935715898	-0.9895868777755943	-0.9690963801181591	-0.9120713275805643	-0.7660607334991395	-0.4512778917502311	0.030699231343937743	0.48158929850719046	0.7563636304850411	0.8898666274746313	0.9491802571043574	0.9758202261088176	0.9875340456931876	0.9934394634895165	0.9959648318066538	0.99767793639937	0.9982856128481051	0.9990181192010601	0.999210914079677	0.9995979686155917	0.9996782470379698	0.9998617689929574	0.9998941112254518	0.9999601150129952	0.9999724085793705	0.9999872296936831	0.9999936428512428	0.9999924288339367	0.9999979027138792	0.999993447729503	0.9999988044187421	0.9999946082936382	0.9999992524999897	0.9999963911101818	0.9999995267647387	0.999998278630637	0.9999997106367665	0.9999995601994233	0.9999999017684313	0.9999999883159639
-0.999950998648628	-0.999956229243463	-0.9999649969297212	-0.9999742493626746	-0.9999799338478622	-0.999976689462541	-0.9999550941091938	-0.9998911893773001	-0.9997121543545867	-0.9991916566714276	-0.9976487301430337	-0.9931161979226071	-0.9801720615329108	-0.944721024757938	-0.8537580271840912	-0.646586665197119	-0.2720334270281036	0.19045905647713324	0.5613784194273699	0.7792129596350255	0.8898666274746323	0.9431819501255491	0.9696172758938255	0.9824774719020306	0.9897055944187823	0.9932321711001325	0.9958176460313408	0.9970272641234801	0.998236353051376	0.9987571112262661	0.9993343434946543	0.9995616720364546	0.9997879809322673	0.9998765968998725	0.9999413231609738	0.9999733926705304	0.9999831427068058	0.999995514814078	0.9999925335675534	0.9999988481534013	0.9999947163887382	0.9999992278661101	0.9999960640336434	0.9999994756124423	0.9999976397105257	0.9999996993531683	0.9999990595330847	0.99999987150207	0.9999998351056462	0.9999999887231193
-0.9999457661441276	-0.9999501742092369	-0.99995668823606	-0.9999613353268824	-0.9999593525167271	-0.9999456097257107	-0.9999133226538174	-0.9998476161946572	-0.9997041761886792	-0.9993452562195432	-0.9983589749145193	-0.9955772481464341	-0.9878487297814635	-0.967151969208431	-0.9146580894331628	-0.7925096700498439	-0.548051625991285	-0.16923736813038964	0.24317303266034007	0.561378419427369	0.7563636304850382	0.8642637123128967	0.9218127904415642	0.9535696704215807	0.9708851058726897	0.9816716220102888	0.9877940098265207	0.9923488310936089	0.994930865009341	0.9970322207274532	0.9981484527989694	0.9990051464788922	0.999437861044923	0.999712780644262	0.9998628571987005	0.9999256058418281	0.9999749632084427	0.9999805115273503	0.9999969692498288	0.9999930341716288	0.9999994019988985	0.9999959867399785	0.999999404842353	0.9999973736613772	0.9999995776296364	0.9999986132276457	0.999999824588463	0.9999995332238321	0.999999976935519	0.9999999433112545
-0.9999338836354174	-0.9999369815273724	-0.9999402179942163	-0.9999386375274888	-0.9999267271950402	-0.9998995683324389	-0.9998526200202911	-0.999778162875182	-0.999652643108471	-0.9993996251767534	-0.9987882873974236	-0.9971698014249792	-0.9928341721600569	-0.9815355612326722	-0.9534821075121119	-0.8884271411822152	-0.7523325804637712	-0.5100403187667026	-0.16923736813039222	0.1904590564771274	0.48158929850718796	0.6781960839196259	0.8003142178254131	0.8737519710908215	0.9192314930682075	0.9472876432685158	0.9662305930200368	0.9782346870343469	0.9867925044396988	0.9919753395748696	0.995513400171645	0.9974912321342205	0.9986867605586015	0.9993421798929583	0.9996587191641231	0.999858966818131	0.9999180029445269	0.9999777523977785	0.9999803149040913	0.999998084362565	0.9999941056876778	0.9999996524161805	0.9999972337654593	0.9999994724669605	0.9999984201339954	0.9999996823785101	0.999999243453837	0.9999999400641424	0.9999997700733477	0.999999987325992
-0.9999216324989102	-0.9999229498953159	-0.9999219149476565	-0.999912519424012	-0.9998884667458857	-0.9998450062560609	-0.9997796130775595	-0.9996901371652437	-0.9995676721922993	-0.9993759595712741	-0.9989974660643726	-0.9980989114020109	-0.9958143999615057	-0.9900546437784886	-0.9761287669776733	-0.9444400484134885	-0.8778553207048649	-0.7523325804637724	-0.5480516259912901	-0.27203342702811106	0.030699231343928234	0.3040742586146337	0.5174190279113858	0.6713570373365191	0.7783245466649529	0.8531484479304399	0.9045372386879863	0.94052285268298	0.9640531900749811	0.979535585033772	0.988673159336822	0.9940589350540012	0.9969860297071744	0.998484487506966	0.9993108385676845	0.9996443995946718	0.9998684683870319	0.9999209316124573	0.9999819176178387	0.9999826778824085	0.9999989290781823	0.9999956213562886	0.9999997134401035	0.9999983114930232	0.9999995424656255	0.9999991215587171	0.9999998211165074	0.9999995818093712	0.9999999965270412	0.9999998846254278
-0.9999165984995506	-0.9999160095075715	-0.9999103719728744	-0.9998924973648224	-0.9998551769160943	-0.999793740872404	-0.9997073868700521	-0.9995984558665021	-0.9994681201858201	-0.9993052084294698	-0.9990585103744308	-0.9985718079218461	-0.9974382640421697	-0.9946962180668196	-0.9882577800559192	-0.9739678696920656	-0.944440048413489	-0.8884271411822176	-0.7925096700498478	-0.6465866651971272	-0.45127789175023914	-0.2213740599875215	0.019362272765177508	0.24737828808102114	0.44780025561866993	0.6133276065455081	0.743655267789671	0.8394039166416158	0.9057291403939906	0.9475729484013157	0.9724714112515431	0.9861166412943737	0.99320557375681	0.996834433115929	0.9984756995320648	0.9993599263848251	0.9996744177785357	0.9998902869147585	0.9999331431036831	0.999986996603598	0.9999868106055586	0.9999995211161469	0.9999972083258738	0.999999697817012	0.9999990798946782	0.9999996674456165	0.9999995076521516	0.9999999406165194	0.9999997451665795	0.9999999469531741
-0.999924503828382	-0.999922584089369	-0.9999133541974884	-0.9998882016845374	-0.9998387133930152	-0.9997599870177912	-0.9996526033316561	-0.9995224242766885	-0.9993777912858983	-0.9992226591065619	-0.9990424801652235	-0.9987736060623265	-0.9982396611457218	-0.9970263761243129	-0.9942581284342273	-0.9882577800559194	-0.9761287669776738	-0.9534821075121134	-0.9146580894331652	-0.8537580271840958	-0.7660607334991458	-0.6486327737522407	-0.4995116578283392	-0.3164301988374917	-0.09949889050034649	0.14246244503108527	0.3856269490894202	0.6000392800580616	0.7630245009077583	0.8712701262773693	0.9346665276499788	0.9685098879327023	0.9854390630995178	0.9933258235212657	0.9971089033568551	0.9986620407588661	0.9994752618217169	0.9997375633898725	0.9999191426999757	0.9999505396070232	0.9999920378862304	0.9999913966189513	0.9999998425645963	0.9999984834251407	0.9999997002139019	0.9999995197304488	0.9999998237793922	0.9999996855966766	0.9999999651520175	0.9999998309311771
-0.9999450269945818	-0.9999433651673145	-0.9999334997321487	-0.9999049803555213	-0.9998476521407902	-0.9997557945560419	-0.9996307153587578	-0.999480975033832	-0.9993199809218746	-0.9991611120708833	-0.9990092324128836	-0.9988462170669056	-0.9986035841475017	-0.998113323976681	-0.9970263761243129	-0.9946962180668198	-0.9900546437784892	-0.981535561232673	-0.9671519692084327	-0.9447210247579404	-0.9120713275805674	-0.866748675799364	-0.8047290178379898	-0.7181650243707577	-0.5928200755614145	-0.4089793037478298	-0.15215677344695128	0.16027819575727492	0.4674130489119445	0.7045258697230983	0.8526764264034228	0.9317367247722987	0.9696448654860607	0.9869887081185509	0.9943602877516707	0.9977021503230014	0.9989712591962168	0.999621054822255	0.9998136891182456	0.9999480635519471	0.9999681799093105	0.9999960457179246	0.9999952360300609	0.9999999298445612	0.9999992801171603	0.9999997708118221	0.9999997212636541	0.9999999301122215	0.9999997591928939	0.9999998867235875
-0.9999684221506268	-0.999969798264429	-0.9999645453028294	-0.9999397898550875	-0.9998828310954254	-0.9997861996555637	-0.9996509690288434	-0.9994873123678497	-0.999312269699852	-0.999145181699575	-0.999001542658762	-0.9988845680191629	-0.9987733225148862	-0.9986035841475018	-0.9982396611457219	-0.9974382640421698	-0.995814399961506	-0.9928341721600574	-0.9878487297814647	-0.9801720615329124	-0.9690963801181611	-0.9536886854813537	-0.9321078668931793	-0.90015708843688	-0.8487813658833318	-0.7600948970522016	-0.6039509098670544	-0.3445609603162756	0.019400971935496367	0.40351272383131637	0.6939546259878565	0.8603583024496889	0.9404901001414403	0.9752943494995038	0.990050533854622	0.9958724317826653	0.9984031903507339	0.9993038079656384	0.9997593826986526	0.9998836710397705	0.9999714238354414	0.9999823381540738	0.9999985106698922	0.9999977591519883	0.9999999115454297	0.9999996745601902	0.9999998795772201	0.999999789911549	0.9999999239235675	0.9999997972269504
-0.99997453184748	-0.9999828675133704	-0.9999896972467337	-0.9999790008866515	-0.9999345207773617	-0.999845818957256	-0.999712414064913	-0.9995447888933583	-0.9993621621026363	-0.9991878864172707	-0.9990435251318253	-0.998942731152009	-0.9988845680191629	-0.9988462170669056	-0.9987736060623267	-0.9985718079218462	-0.9980989114020111	-0.9971698014249797	-0.9955772481464347	-0.9931161979226081	-0.9895868777755953	-0.9846961926602481	-0.9777702895718877	-0.9671006293058805	-0.9485742621144848	-0.9128864354950538	-0.8400524678473374	-0.6918238261764036	-0.41473919856896885	0.0025381917111480987	0.43765366726473126	0.7377145482269556	0.8901601043954966	0.9563922429774283	0.9828393320361454	0.9934202411781049	0.9973568334014123	0.9990234226697403	0.9995833113806764	0.9998660530127335	0.9999362987188477	0.9999868317947215	0.9999915887628162	0.9999996120204506	0.9999990820871979	0.9999999139737521	0.9999998310936448	0.9999999394454704	0.9999997972534862	0.9999998431185261
-0.9999349483146825	-0.9999549947702591	-0.9999830247634357	-0.9999991149900038	-0.9999823509044001	-0.9999179513748422	-0.9998023339032185	-0.9996447020761285	-0.9994649701019892	-0.9992889033651062	-0.9991420150028143	-0.9990435251318253	-0.999001542658762	-0.9990092324128836	-0.9990424801652236	-0.9990585103744308	-0.9989974660643727	-0.9987882873974239	-0.9983589749145196	-0.9976487301430341	-0.9966049935715903	-0.9951474772782837	-0.9930490526026327	-0.9896580313001485	-0.9832535803009759	-0.9695189029639908	-0.9379643255714178	-0.8641115471234445	-0.6975540138320888	-0.36824603406385864	0.11453846444884806	0.556329820622311	0.8133295486768554	0.9273639504840913	0.9727032723758764	0.9896602117703885	0.996183832211341	0.9985014152769064	0.9994705641513676	0.9997784067343534	0.9999349120894087	0.9999694886324295	0.9999950618180037	0.9999965435039695	0.9999999314863879	0.9999996524925717	0.9999999528306924	0.9999998675596177	0.999999907177918	0.999999801033123
-0.9998180907791436	-0.9998548818316693	-0.999913855375853	-0.9999705249935575	-0.9999983112730897	-0.9999767517113626	-0.9998975703002909	-0.9997669874135248	-0.9996039620567974	-0.9994352554444371	-0.9992889033651062	-0.9991878864172709	-0.999145181699575	-0.9991611120708833	-0.9992226591065622	-0.9993052084294699	-0.9993759595712742	-0.9993996251767535	-0.9993452562195432	-0.9991916566714278	-0.9989277104042379	-0.9985363972631435	-0.9979488370327569	-0.9969218878820018	-0.9947304538867302	-0.9893657335976109	-0.9754310671520837	-0.938816500032851	-0.8447691335346869	-0.6221908264748958	-0.196300161775866	0.33297953344834913	0.7090757153884625	0.8881075393297133	0.9587558424773422	0.9850955852664469	0.9944926539039378	0.9980283698415676	0.9992381886430621	0.9997436408782772	0.999894787536841	0.9999725398461915	0.9999872018587609	0.9999985399564931	0.9999987367148212	0.9999999851696297	0.9999998626914925	0.9999999640572034	0.9999998533411584	0.9999998462566346
-0.9995961570745688	-0.9996543295934679	-0.9997533286397666	-0.9998636720539804	-0.9999523809767721	-0.9999922239070245	-0.9999688133504819	-0.9998837482465492	-0.9997533724059754	-0.9996039620567975	-0.9994649701019892	-0.9993621621026363	-0.999312269699852	-0.9993199809218746	-0.9993777912858984	-0.9994681201858201	-0.9995676721922994	-0.9996526431084712	-0.9997041761886793	-0.9997121543545868	-0.9996753101115171	-0.9995952739028795	-0.9994560154801287	-0.999168525182827	-0.9984133304877046	-0.9961948246716356	-0.9895814020340635	-0.9702170254932221	-0.9153021929359604	-0.7689766088732284	-0.4339747899853246	0.1044817695076833	0.5860764832392384	0.8395884822435928	0.9420833847342193	0.9793698512766992	0.9927370118115801	0.9973543823067347	0.9990773626429127	0.999648070337303	0.9998882128877168	0.9999551242571773	0.999989988715024	0.999995238959131	0.9999996637898759	0.9999995666479623	0.9999999958379598	0.9999999196881886	0.9999999260407819	0.9999998510270788
-0.999252460766459	-0.9993355883158199	-0.9994817460462974	-0.9996563518424857	-0.9998196999941421	-0.9999371326693554	-0.9999871086896842	-0.9999652432847724	-0.9998837482465492	-0.9997669874135249	-0.9996447020761287	-0.9995447888933583	-0.9994873123678497	-0.9994809750338323	-0.9995224242766885	-0.9995984558665021	-0.9996901371652437	-0.999778162875182	-0.9998476161946572	-0.9998911893773001	-0.9999095952746315	-0.9999083560016964	-0.9998882331004803	-0.9998166310379328	-0.9995397663194874	-0.9985112487407248	-0.9949767896586825	-0.9835896907562608	-0.9487455107186882	-0.8483067712683984	-0.5908160444485441	-0.09290189647813482	0.45840887678572273	0.7863958914860094	0.9232723922451694	0.973313489137138	0.9906629300928791	0.9967658517636269	0.9988296368456547	0.9996019120764662	0.9998501436749407	0.9999557145382555	0.9999826552612098	0.9999968460711824	0.999998373652639	0.9999999355914321	0.9999998561712033	0.999999988361642	0.9999999205452116	0.9999998970831844
-0.9987875885444297	-0.998897665868381	-0.9990951513826	-0.9993406113950505	-0.9995877622488987	-0.9997943844629927	-0.9999312620661978	-0.9999871086896843	-0.9999688133504818	-0.9998975703002909	-0.9998023339032187	-0.999712414064913	-0.9996509690288434	-0.9996307153587578	-0.9996526033316561	-0.9997073868700521	-0.9997796130775595	-0.9998526200202908	-0.9999133226538174	-0.9999550941091938	-0.9999782838459855	-0.9999880974798527	-0.9999888830080843	-0.9999674601108584	-0.9998372781702193	-0.9992543096203401	-0.997036827239362	-0.9894038739100037	-0.9648448574275929	-0.8905243052078637	-0.6866829933260732	-0.24253525609068252	0.34119807374199784	0.7332664573483847	0.9043609400700836	0.9669547465145912	0.9887155884250004	0.9960737516257946	0.9986519556776818	0.9995129836087552	0.9998387899673792	0.9999404157458831	0.9999839561767112	0.9999938477403879	0.9999991269188587	0.9999994645148108	0.9999999899915697	0.9999999522593314	0.9999999655070333	0.9999999262660052
-0.9982230127815936	-0.9983601895740094	-0.9986096436593248	-0.9989276548016486	-0.9992619470294551	-0.9995631390242504	-0.9997943844629927	-0.9999371326693554	-0.9999922239070245	-0.9999767517113626	-0.9999179513748422	-0.9998458189572559	-0.9997861996555637	-0.9997557945560419	-0.9997599870177912	-0.999793740872404	-0.9998450062560608	-0.9998995683324389	-0.9999456097257107	-0.9999766894625409	-0.9999922132759074	-0.9999957248879803	-0.9999906811516646	-0.9999688325338503	-0.9998696556295452	-0.9994402475145389	-0.9977801202868734	-0.9919302956280294	-0.9726725474280216	-0.9129589749543005	-0.7431550021966905	-0.34593004926094173	0.24398136950074478	0.6852219601426293	0.8864576084225919	0.9610716117868233	0.9867421986844965	0.9954955244668902	0.9984266066637592	0.9994617272847948	0.9998058298421425	0.999937972848856	0.9999777391879876	0.9999946886008524	0.999997957930448	0.9999997748467828	0.9999998347543143	0.999999999251592	0.9999999770325028	0.9999999590873965
-0.9976011690930008	-0.9977637533157245	-0.9980622363753212	-0.9984493879462026	-0.9988678586341564	-0.9992619470294551	-0.9995877622488986	-0.999819699994142	-0.9999523809767721	-0.9999983112730898	-0.9999823509044002	-0.9999345207773618	-0.9998828310954254	-0.9998476521407903	-0.9998387133930152	-0.9998551769160942	-0.9998884667458856	-0.99992672719504	-0.999959352516727	-0.9999799338478622	-0.9999868782438549	-0.9999817899583479	-0.9999658256392628	-0.9999301538573663	-0.999822523578816	-0.999429199663116	-0.9979860460286779	-0.992962202265006	-0.976412011482579	-0.9247543017986463	-0.7755738986121035	-0.4130024955238663	0.17016268084096595	0.6449991587908275	0.8709751439874572	0.9557168327324296	0.9850480779651503	0.9949023065328746	0.9982593759158118	0.9993859788779772	0.9997906727506752	0.9999252600253513	0.9999773908248524	0.9999922286585512	0.9999984005039612	0.9999993520104296	0.9999999437469638	0.9999999654108287	0.9999999943833441	0.9999999816089291
-0.9969814898046286	-0.9971661752735218	-0.9975075481107855	-0.9979557279484815	-0.9984493879462025	-0.9989276548016486	-0.9993406113950505	-0.9996563518424856	-0.9998636720539804	-0.9999705249935575	-0.9999991149900038	-0.9999790008866515	-0.9999397898550875	-0.9999049803555213	-0.9998882016845374	-0.9998924973648223	-0.9999125194240119	-0.9999386375274886	-0.9999613353268823	-0.9999742493626745	-0.999974864099878	-0.9999630058790389	-0.9999373371612448	-0.9998866056684799	-0.9997592828777456	-0.9993561101239635	-0.9979751322040303	-0.9933017920579383	-0.9780792402778119	-0.9307444923351897	-0.7936242635840138	-0.4543440046304699	0.1180580925681765	0.6139248371399904	0.8583088518888495	0.9513182001010277	0.9835339562509923	0.994431229178859	0.99807919646089	0.9993367542399711	0.9997641124254545	0.9999207157520004	0.9999725488728693	0.9999923640811516	0.9999974954101616	0.9999995533803586	0.9999998119840702	0.9999999905651076	0.9999999994664795	0.9999999891459181
-0.9964325236297911	-0.9966347493093113	-0.9970103256533113	-0.9975075481107855	-0.9980622363753211	-0.9986096436593247	-0.9990951513826	-0.9994817460462972	-0.9997533286397665	-0.9999138553758529	-0.9999830247634357	-0.9999896972467336	-0.9999645453028294	-0.9999334997321486	-0.9999133541974883	-0.9999103719728742	-0.9999219149476561	-0.9999402179942162	-0.9999566882360599	-0.999964996929721	-0.9999618937624656	-0.9999457585018953	-0.9999131171935878	-0.9998500699280791	-0.999703054684447	-0.9992760010143308	-0.9978918312491285	-0.9933376861196466	-0.9787138188373503	-0.9335865883852362	-0.8032103755310789	-0.47853239427524885	0.08392991978685241	0.5916827784290174	0.8488619414817511	0.947856466700951	0.9823768804722414	0.9940170362213482	0.9979511053732011	0.9992815127950657	0.9997496723211751	0.9999115591124307	0.9999714007639132	0.9999906692739965	0.9999976708529047	0.9999992587337431	0.9999998797631433	0.9999999625055422	0.9999999960808262	0.9999999923341719
-0.9960211191502258	-0.9962354594783625	-0.9966347493093113	-0.9971661752735218	-0.9977637533157245	-0.9983601895740094	-0.998897665868381	-0.9993355883158198	-0.9996543295934678	-0.999854881831669	-0.999954994770259	-0.9999828675133703	-0.9999697982644289	-0.9999433651673145	-0.9999225840893688	-0.9999160095075714	-0.9999229498953157	-0.9999369815273722	-0.9999501742092368	-0.9999562292434627	-0.99995138387558	-0.99993301004346	-0.9998961083356187	-0.9998246927088295	-0.999662827077806	-0.9992134700527286	-0.99780709077358	-0.9932736129740077	-0.9788835494324027	-0.9347913859193117	-0.8079146443080343	-0.4915642432510857	0.06373031867049378	0.5775712082151493	0.8425604589000417	0.9455278307391485	0.9815424200635356	0.993742207272048	0.9978454457516128	0.9992491852143622	0.9997338088488881	0.9999078577311473	0.9999686081222106	0.9999905336609559	0.9999971659632623	0.9999993513625329	0.9999998038629173	0.999999970924953	0.999999993129686	0.9999999853967845
-0.9958006046568312	-0.9960211191502258	-0.996432523629791	-0.9969814898046286	-0.9976011690930008	-0.9982230127815936	-0.9987875885444296	-0.9992524607664589	-0.9995961570745687	-0.9998180907791435	-0.9999349483146824	-0.9999745318474799	-0.9999684221506266	-0.9999450269945817	-0.9999245038283819	-0.9999165984995505	-0.99992163249891	-0.9999338836354171	-0.9999457661441273	-0.9999509986486278	-0.9999455550276328	-0.9999262930170925	-0.999887421708663	-0.9998118304508748	-0.9996421183717871	-0.9991799084631904	-0.9977569767962908	-0.9932175763862731	-0.9788986743116728	-0.9352024240567323	-0.809792662793739	-0.4971913375564843	0.05443787909128376	0.5707385416248254	0.8394399341746681	0.9443301203598758	0.981125428152369	0.9935897047935651	0.9977957674352911	0.9992281646019892	0.999727676973942	0.999904403133624	0.9999680065876955	0.9999899158796971	0.999997202616458	0.9999992451025037	0.9999998263009775	0.9999999594329462	0.9999999881594767	0.9999999826306709
